 0.00000000000,0.10400,-0.40000
 0.00010000000,0.11200,-0.39200
 0.00020000000,0.10400,-0.40000
 0.00030000000,0.10400,-0.39200
 0.00040000000,0.11200,-0.39200
 0.00050000000,0.11200,-0.39200
 0.00060000000,0.12000,-0.38400
 0.00070000000,0.12000,-0.38400
 0.00080000000,0.12000,-0.38400
 0.00090000000,0.12000,-0.38400
 0.00100000000,0.12000,-0.38400
 0.00110000000,0.12000,-0.38400
 0.00120000000,0.11200,-0.39200
 0.00130000000,0.10400,-0.39200
 0.00140000000,0.10400,-0.39200
 0.00150000000,0.10400,-0.39200
 0.00160000000,0.11200,-0.39200
 0.00170000000,0.11200,-0.40000
 0.00180000000,0.11200,-0.40000
 0.00190000000,0.11200,-0.40000
 0.00200000000,0.11200,-0.40000
 0.00210000000,0.12000,-0.39200
 0.00220000000,0.11200,-0.39200
 0.00230000000,0.10400,-0.39200
 0.00240000000,0.10400,-0.39200
 0.00250000000,0.09600,-0.39200
 0.00260000000,0.10400,-0.38400
 0.00270000000,0.09600,-0.39200
 0.00280000000,0.10400,-0.39200
 0.00290000000,0.10400,-0.39200
 0.00300000000,0.11200,-0.39200
 0.00310000000,0.12000,-0.39200
 0.00320000000,0.11200,-0.40000
 0.00330000000,0.11200,-0.40800
 0.00340000000,0.11200,-0.40800
 0.00350000000,0.10400,-0.40800
 0.00360000000,0.11200,-0.40000
 0.00370000000,0.10400,-0.40000
 0.00380000000,0.10400,-0.40000
 0.00390000000,0.11200,-0.39200
 0.00400000000,0.11200,-0.39200
 0.00410000000,0.12000,-0.38400
 0.00420000000,0.11200,-0.39200
 0.00430000000,0.11200,-0.39200
 0.00440000000,0.11200,-0.39200
 0.00450000000,0.10400,-0.39200
 0.00460000000,0.11200,-0.39200
 0.00470000000,0.10400,-0.40000
 0.00480000000,0.10400,-0.40000
 0.00490000000,0.10400,-0.40000
 0.00500000000,0.11200,-0.40000
 0.00510000000,0.12000,-0.39200
 0.00520000000,0.12000,-0.40000
 0.00530000000,0.12000,-0.40000
 0.00540000000,0.11200,-0.40000
 0.00550000000,0.11200,-0.40000
 0.00560000000,0.12000,-0.39200
 0.00570000000,0.11200,-0.39200
 0.00580000000,0.11200,-0.39200
 0.00590000000,0.10400,-0.39200
 0.00600000000,0.10400,-0.39200
 0.00610000000,0.11200,-0.38400
 0.00620000000,0.10400,-0.39200
 0.00630000000,0.10400,-0.39200
 0.00640000000,0.10400,-0.39200
 0.00650000000,0.10400,-0.40000
 0.00660000000,0.11200,-0.39200
 0.00670000000,0.10400,-0.40000
 0.00680000000,0.11200,-0.39200
 0.00690000000,0.11200,-0.39200
 0.00700000000,0.12000,-0.39200
 0.00710000000,0.12800,-0.38400
 0.00720000000,0.12800,-0.39200
 0.00730000000,0.12800,-0.39200
 0.00740000000,0.12000,-0.39200
 0.00750000000,0.12000,-0.39200
 0.00760000000,0.12000,-0.39200
 0.00770000000,0.10400,-0.40000
 0.00780000000,0.10400,-0.40000
 0.00790000000,0.09600,-0.39200
 0.00800000000,0.10400,-0.39200
 0.00810000000,0.11200,-0.38400
 0.00820000000,0.11200,-0.39200
 0.00830000000,0.12000,-0.39200
 0.00840000000,0.12800,-0.39200
 0.00850000000,0.12800,-0.39200
 0.00860000000,0.12000,-0.39200
 0.00870000000,0.09600,-0.40000
 0.00880000000,0.07200,-0.40000
 0.00890000000,0.04000,-0.40000
 0.00900000000,0.02400,-0.40000
 0.00910000000,0.00800,-0.39200
 0.00920000000,-0.00800,-0.39200
 0.00930000000,-0.01600,-0.39200
 0.00940000000,-0.00800,-0.39200
 0.00950000000,0.00,-0.39200
 0.00960000000,0.00800,-0.39200
 0.00970000000,0.00800,-0.40000
 0.00980000000,0.00800,-0.40000
 0.00990000000,0.00800,-0.40000
 0.01000000000,0.00,-0.40000
 0.01010000000,0.00800,-0.39200
 0.01020000000,0.00,-0.39200
 0.01030000000,0.00800,-0.39200
 0.01040000000,0.00800,-0.38400
 0.01050000000,0.01600,-0.38400
 0.01060000000,0.02400,-0.37600
 0.01070000000,0.01600,-0.38400
 0.01080000000,0.01600,-0.38400
 0.01090000000,0.01600,-0.39200
 0.01100000000,0.01600,-0.39200
 0.01110000000,0.01600,-0.39200
 0.01120000000,0.00800,-0.40000
 0.01130000000,0.00800,-0.40000
 0.01140000000,0.00800,-0.40000
 0.01150000000,0.00800,-0.39200
 0.01160000000,0.01600,-0.38400
 0.01170000000,0.00800,-0.38400
 0.01180000000,0.00800,-0.38400
 0.01190000000,0.00,-0.37600
 0.01200000000,0.00,-0.37600
 0.01210000000,0.00800,-0.36800
 0.01220000000,0.00800,-0.36800
 0.01230000000,0.00800,-0.36800
 0.01240000000,0.00800,-0.36800
 0.01250000000,0.01600,-0.36800
 0.01260000000,0.02400,-0.36000
 0.01270000000,0.01600,-0.36800
 0.01280000000,0.01600,-0.36800
 0.01290000000,0.00800,-0.36800
 0.01300000000,0.00800,-0.36800
 0.01310000000,0.00800,-0.36000
 0.01320000000,0.00,-0.36800
 0.01330000000,0.00,-0.36800
 0.01340000000,0.00,-0.36800
 0.01350000000,0.00800,-0.36800
 0.01360000000,0.01600,-0.36000
 0.01370000000,0.01600,-0.36000
 0.01380000000,0.01600,-0.36000
 0.01390000000,0.01600,-0.36000
 0.01400000000,0.01600,-0.35200
 0.01410000000,0.01600,-0.34400
 0.01420000000,0.00800,-0.34400
 0.01430000000,0.00800,-0.34400
 0.01440000000,0.00,-0.34400
 0.01450000000,0.00,-0.34400
 0.01460000000,0.00800,-0.34400
 0.01470000000,0.00,-0.35200
 0.01480000000,0.00,-0.35200
 0.01490000000,0.00,-0.35200
 0.01500000000,0.00800,-0.35200
 0.01510000000,0.01600,-0.34400
 0.01520000000,0.01600,-0.34400
 0.01530000000,0.01600,-0.34400
 0.01540000000,0.01600,-0.33600
 0.01550000000,0.01600,-0.33600
 0.01560000000,0.02400,-0.32800
 0.01570000000,0.01600,-0.32800
 0.01580000000,0.01600,-0.33600
 0.01590000000,0.00800,-0.33600
 0.01600000000,0.00800,-0.33600
 0.01610000000,0.00800,-0.32800
 0.01620000000,0.00,-0.33600
 0.01630000000,0.00,-0.33600
 0.01640000000,0.00,-0.32800
 0.01650000000,0.00,-0.32800
 0.01660000000,0.00800,-0.32000
 0.01670000000,0.00800,-0.32000
 0.01680000000,0.00800,-0.32000
 0.01690000000,0.00800,-0.32000
 0.01700000000,0.00800,-0.32000
 0.01710000000,0.01600,-0.31200
 0.01720000000,0.00800,-0.32000
 0.01730000000,0.00800,-0.32000
 0.01740000000,0.00800,-0.32000
 0.01750000000,0.00800,-0.32000
 0.01760000000,0.01600,-0.31200
 0.01770000000,0.00800,-0.32000
 0.01780000000,0.00800,-0.32000
 0.01790000000,0.01600,-0.32000
 0.01800000000,0.01600,-0.32000
 0.01810000000,0.02400,-0.31200
 0.01820000000,0.01600,-0.32000
 0.01830000000,0.01600,-0.32000
 0.01840000000,0.01600,-0.31200
 0.01850000000,0.01600,-0.31200
 0.01860000000,0.02400,-0.30400
 0.01870000000,0.01600,-0.30400
 0.01880000000,0.01600,-0.30400
 0.01890000000,0.00800,-0.29600
 0.01900000000,0.00800,-0.29600
 0.01910000000,0.01600,-0.28800
 0.01920000000,0.00800,-0.28800
 0.01930000000,0.00800,-0.28800
 0.01940000000,0.00800,-0.29600
 0.01950000000,0.00800,-0.29600
 0.01960000000,0.01600,-0.28800
 0.01970000000,0.00800,-0.29600
 0.01980000000,0.00800,-0.29600
 0.01990000000,0.00800,-0.29600
 0.02000000000,0.00800,-0.29600
 0.02010000000,0.01600,-0.28800
 0.02020000000,0.00800,-0.28800
 0.02030000000,0.01600,-0.28800
 0.02040000000,0.01600,-0.28800
 0.02050000000,0.01600,-0.28000
 0.02060000000,0.02400,-0.27200
 0.02070000000,0.01600,-0.27200
 0.02080000000,0.01600,-0.27200
 0.02090000000,0.01600,-0.27200
 0.02100000000,0.01600,-0.27200
 0.02110000000,0.02400,-0.26400
 0.02120000000,0.01600,-0.27200
 0.02130000000,0.01600,-0.27200
 0.02140000000,0.01600,-0.27200
 0.02150000000,0.01600,-0.28000
 0.02160000000,0.02400,-0.27200
 0.02170000000,0.01600,-0.28000
 0.02180000000,0.01600,-0.28000
 0.02190000000,0.01600,-0.27200
 0.02200000000,0.01600,-0.27200
 0.02210000000,0.02400,-0.26400
 0.02220000000,0.01600,-0.27200
 0.02230000000,0.01600,-0.27200
 0.02240000000,0.01600,-0.27200
 0.02250000000,0.01600,-0.27200
 0.02260000000,0.01600,-0.26400
 0.02270000000,0.00800,-0.27200
 0.02280000000,0.00,-0.27200
 0.02290000000,0.00,-0.26400
 0.02300000000,0.00,-0.26400
 0.02310000000,0.00800,-0.25600
 0.02320000000,0.00800,-0.25600
 0.02330000000,0.00800,-0.25600
 0.02340000000,0.01600,-0.24800
 0.02350000000,0.01600,-0.24800
 0.02360000000,0.02400,-0.24000
 0.02370000000,0.01600,-0.24000
 0.02380000000,0.01600,-0.24000
 0.02390000000,0.00800,-0.24000
 0.02400000000,0.00800,-0.24000
 0.02410000000,0.01600,-0.23200
 0.02420000000,0.00800,-0.23200
 0.02430000000,0.01600,-0.23200
 0.02440000000,0.01600,-0.23200
 0.02450000000,0.01600,-0.23200
 0.02460000000,0.02400,-0.22400
 0.02470000000,0.01600,-0.23200
 0.02480000000,0.00800,-0.23200
 0.02490000000,0.00800,-0.23200
 0.02500000000,0.00800,-0.23200
 0.02510000000,0.00800,-0.22400
 0.02520000000,0.00,-0.23200
 0.02530000000,0.00800,-0.23200
 0.02540000000,0.00800,-0.23200
 0.02550000000,0.01600,-0.23200
 0.02560000000,0.02400,-0.22400
 0.02570000000,0.02400,-0.23200
 0.02580000000,0.01600,-0.23200
 0.02590000000,0.01600,-0.23200
 0.02600000000,0.01600,-0.23200
 0.02610000000,0.01600,-0.22400
 0.02620000000,0.00800,-0.23200
 0.02630000000,0.00,-0.23200
 0.02640000000,0.00,-0.23200
 0.02650000000,0.00,-0.23200
 0.02660000000,0.00800,-0.22400
 0.02670000000,0.00800,-0.22400
 0.02680000000,0.00800,-0.22400
 0.02690000000,0.00800,-0.21600
 0.02700000000,0.00800,-0.21600
 0.02710000000,0.01600,-0.20800
 0.02720000000,0.00800,-0.21600
 0.02730000000,0.00800,-0.21600
 0.02740000000,0.00800,-0.21600
 0.02750000000,0.00,-0.21600
 0.02760000000,0.00800,-0.20800
 0.02770000000,0.00,-0.21600
 0.02780000000,0.00,-0.21600
 0.02790000000,0.00,-0.20800
 0.02800000000,0.00800,-0.20800
 0.02810000000,0.01600,-0.20000
 0.02820000000,0.01600,-0.20000
 0.02830000000,0.01600,-0.20000
 0.02840000000,0.01600,-0.20000
 0.02850000000,0.01600,-0.20000
 0.02860000000,0.02400,-0.19200
 0.02870000000,0.01600,-0.20000
 0.02880000000,0.01600,-0.20000
 0.02890000000,0.01600,-0.20000
 0.02900000000,0.01600,-0.20000
 0.02910000000,0.01600,-0.19200
 0.02920000000,0.00800,-0.20000
 0.02930000000,0.00,-0.20000
 0.02940000000,0.00,-0.20000
 0.02950000000,0.00,-0.20000
 0.02960000000,0.00800,-0.19200
 0.02970000000,0.00,-0.20000
 0.02980000000,0.00800,-0.20000
 0.02990000000,0.00800,-0.19200
 0.03000000000,0.00800,-0.19200
 0.03010000000,0.01600,-0.18400
 0.03020000000,0.00800,-0.18400
 0.03030000000,0.00800,-0.18400
 0.03040000000,0.00800,-0.18400
 0.03050000000,0.00800,-0.18400
 0.03060000000,0.01600,-0.17600
 0.03070000000,0.00800,-0.18400
 0.03080000000,0.01600,-0.18400
 0.03090000000,0.01600,-0.18400
 0.03100000000,0.01600,-0.18400
 0.03110000000,0.02400,-0.17600
 0.03120000000,0.01600,-0.17600
 0.03130000000,0.01600,-0.17600
 0.03140000000,0.01600,-0.17600
 0.03150000000,0.01600,-0.17600
 0.03160000000,0.01600,-0.16800
 0.03170000000,0.00800,-0.17600
 0.03180000000,0.00800,-0.17600
 0.03190000000,0.00800,-0.17600
 0.03200000000,0.00800,-0.17600
 0.03210000000,0.01600,-0.16800
 0.03220000000,0.00800,-0.17600
 0.03230000000,0.00800,-0.16800
 0.03240000000,0.00800,-0.16800
 0.03250000000,0.00800,-0.16800
 0.03260000000,0.01600,-0.16000
 0.03270000000,0.00800,-0.16800
 0.03280000000,0.00800,-0.16800
 0.03290000000,0.00,-0.16800
 0.03300000000,0.00,-0.16800
 0.03310000000,0.00800,-0.16000
 0.03320000000,0.00,-0.16800
 0.03330000000,0.00,-0.16800
 0.03340000000,0.00800,-0.16800
 0.03350000000,0.00800,-0.16800
 0.03360000000,0.01600,-0.16000
 0.03370000000,0.00800,-0.16800
 0.03380000000,0.00800,-0.16800
 0.03390000000,0.00800,-0.16800
 0.03400000000,0.00800,-0.16800
 0.03410000000,0.01600,-0.16000
 0.03420000000,0.00800,-0.16000
 0.03430000000,0.00800,-0.16000
 0.03440000000,0.00800,-0.16000
 0.03450000000,0.00,-0.16000
 0.03460000000,0.00800,-0.15200
 0.03470000000,0.00,-0.16000
 0.03480000000,0.00,-0.16000
 0.03490000000,0.00,-0.16000
 0.03500000000,0.00,-0.16000
 0.03510000000,0.00800,-0.15200
 0.03520000000,0.00,-0.16000
 0.03530000000,0.00800,-0.15200
 0.03540000000,0.00800,-0.15200
 0.03550000000,0.00800,-0.15200
 0.03560000000,0.01600,-0.14400
 0.03570000000,0.00800,-0.15200
 0.03580000000,0.00800,-0.15200
 0.03590000000,0.00800,-0.15200
 0.03600000000,0.00800,-0.15200
 0.03610000000,0.01600,-0.14400
 0.03620000000,0.00800,-0.15200
 0.03630000000,0.00800,-0.14400
 0.03640000000,0.01600,-0.14400
 0.03650000000,0.01600,-0.14400
 0.03660000000,0.02400,-0.13600
 0.03670000000,0.01600,-0.14400
 0.03680000000,0.01600,-0.14400
 0.03690000000,0.01600,-0.14400
 0.03700000000,0.01600,-0.14400
 0.03710000000,0.02400,-0.13600
 0.03720000000,0.01600,-0.14400
 0.03730000000,0.01600,-0.13600
 0.03740000000,0.01600,-0.13600
 0.03750000000,0.00800,-0.13600
 0.03760000000,0.01600,-0.12800
 0.03770000000,0.00800,-0.13600
 0.03780000000,0.00800,-0.13600
 0.03790000000,0.00800,-0.13600
 0.03800000000,0.00800,-0.13600
 0.03810000000,0.01600,-0.12800
 0.03820000000,0.00800,-0.13600
 0.03830000000,0.00800,-0.12800
 0.03840000000,0.00800,-0.12800
 0.03850000000,0.00800,-0.12800
 0.03860000000,0.01600,-0.12000
 0.03870000000,0.00800,-0.12800
 0.03880000000,0.00800,-0.12800
 0.03890000000,0.00,-0.12800
 0.03900000000,0.00,-0.12800
 0.03910000000,0.00800,-0.12000
 0.03920000000,0.00,-0.12800
 0.03930000000,0.00,-0.12800
 0.03940000000,0.00800,-0.12800
 0.03950000000,0.00800,-0.12800
 0.03960000000,0.01600,-0.12000
 0.03970000000,0.00800,-0.12800
 0.03980000000,0.00800,-0.12800
 0.03990000000,0.00800,-0.12800
 0.04000000000,0.00800,-0.12800
 0.04010000000,0.01600,-0.12000
 0.04020000000,0.00800,-0.12800
 0.04030000000,0.00800,-0.12000
 0.04040000000,0.01600,-0.12000
 0.04050000000,0.01600,-0.12000
 0.04060000000,0.02400,-0.11200
 0.04070000000,0.01600,-0.12000
 0.04080000000,0.01600,-0.12000
 0.04090000000,0.01600,-0.12000
 0.04100000000,0.01600,-0.12000
 0.04110000000,0.02400,-0.11200
 0.04120000000,0.01600,-0.12000
 0.04130000000,0.01600,-0.12000
 0.04140000000,0.01600,-0.12000
 0.04150000000,0.01600,-0.12000
 0.04160000000,0.02400,-0.11200
 0.04170000000,0.01600,-0.11200
 0.04180000000,0.01600,-0.11200
 0.04190000000,0.01600,-0.11200
 0.04200000000,0.00800,-0.11200
 0.04210000000,0.01600,-0.10400
 0.04220000000,0.00800,-0.11200
 0.04230000000,0.00800,-0.11200
 0.04240000000,0.00800,-0.11200
 0.04250000000,0.00800,-0.11200
 0.04260000000,0.01600,-0.10400
 0.04270000000,0.00800,-0.10400
 0.04280000000,0.01600,-0.10400
 0.04290000000,0.01600,-0.10400
 0.04300000000,0.01600,-0.10400
 0.04310000000,0.02400,-0.09600
 0.04320000000,0.01600,-0.10400
 0.04330000000,0.01600,-0.10400
 0.04340000000,0.01600,-0.11200
 0.04350000000,0.01600,-0.11200
 0.04360000000,0.02400,-0.10400
 0.04370000000,0.01600,-0.10400
 0.04380000000,0.01600,-0.10400
 0.04390000000,0.01600,-0.10400
 0.04400000000,0.00800,-0.09600
 0.04410000000,0.01600,-0.08800
 0.04420000000,0.00800,-0.09600
 0.04430000000,0.00800,-0.09600
 0.04440000000,0.00800,-0.09600
 0.04450000000,0.00800,-0.09600
 0.04460000000,0.01600,-0.09600
 0.04470000000,0.00800,-0.10400
 0.04480000000,0.00800,-0.10400
 0.04490000000,0.00800,-0.10400
 0.04500000000,0.00800,-0.10400
 0.04510000000,0.01600,-0.09600
 0.04520000000,0.00800,-0.09600
 0.04530000000,0.00800,-0.09600
 0.04540000000,0.00,-0.09600
 0.04550000000,0.00,-0.09600
 0.04560000000,0.00800,-0.08800
 0.04570000000,0.00,-0.09600
 0.04580000000,0.00,-0.09600
 0.04590000000,0.00800,-0.10400
 0.04600000000,0.00800,-0.10400
 0.04610000000,0.01600,-0.09600
 0.04620000000,0.01600,-0.09600
 0.04630000000,0.01600,-0.09600
 0.04640000000,0.01600,-0.09600
 0.04650000000,0.01600,-0.08800
 0.04660000000,0.02400,-0.08000
 0.04670000000,0.01600,-0.08000
 0.04680000000,0.01600,-0.08800
 0.04690000000,0.01600,-0.08800
 0.04700000000,0.01600,-0.08800
 0.04710000000,0.02400,-0.08000
 0.04720000000,0.01600,-0.08800
 0.04730000000,0.01600,-0.08800
 0.04740000000,0.01600,-0.08800
 0.04750000000,0.00800,-0.08800
 0.04760000000,0.01600,-0.08000
 0.04770000000,0.00800,-0.08800
 0.04780000000,0.00800,-0.08800
 0.04790000000,0.00800,-0.08800
 0.04800000000,0.00800,-0.08800
 0.04810000000,0.01600,-0.08000
 0.04820000000,0.00800,-0.08800
 0.04830000000,0.00800,-0.08000
 0.04840000000,0.01600,-0.08000
 0.04850000000,0.01600,-0.08000
 0.04860000000,0.01600,-0.07200
 0.04870000000,0.00800,-0.08000
 0.04880000000,0.00,-0.08000
 0.04890000000,0.00,-0.08000
 0.04900000000,0.00,-0.08000
 0.04910000000,0.00800,-0.07200
 0.04920000000,0.00800,-0.08000
 0.04930000000,0.00800,-0.08000
 0.04940000000,0.00800,-0.07200
 0.04950000000,0.01600,-0.07200
 0.04960000000,0.02400,-0.06400
 0.04970000000,0.01600,-0.06400
 0.04980000000,0.01600,-0.06400
 0.04990000000,0.01600,-0.07200
 0.05000000000,0.01600,-0.07200
 0.05010000000,0.01600,-0.06400
 0.05020000000,0.00800,-0.07200
 0.05030000000,0.00800,-0.07200
 0.05040000000,0.00800,-0.07200
 0.05050000000,0.00800,-0.07200
 0.05060000000,0.01600,-0.06400
 0.05070000000,0.00800,-0.06400
 0.05080000000,0.00800,-0.06400
 0.05090000000,0.00800,-0.06400
 0.05100000000,0.00800,-0.06400
 0.05110000000,0.01600,-0.05600
 0.05120000000,0.00800,-0.06400
 0.05130000000,0.00800,-0.06400
 0.05140000000,0.00800,-0.07200
 0.05150000000,0.00800,-0.07200
 0.05160000000,0.01600,-0.06400
 0.05170000000,0.00800,-0.06400
 0.05180000000,0.00800,-0.06400
 0.05190000000,0.00,-0.06400
 0.05200000000,0.00,-0.05600
 0.05210000000,0.00800,-0.04800
 0.05220000000,0.00,-0.05600
 0.05230000000,0.00,-0.05600
 0.05240000000,0.00800,-0.05600
 0.05250000000,0.00800,-0.05600
 0.05260000000,0.01600,-0.05600
 0.05270000000,0.01600,-0.06400
 0.05280000000,0.01600,-0.06400
 0.05290000000,0.00800,-0.06400
 0.05300000000,0.00800,-0.05600
 0.05310000000,0.01600,-0.04800
 0.05320000000,0.00800,-0.04800
 0.05330000000,0.00800,-0.04800
 0.05340000000,0.00,-0.04800
 0.05350000000,0.00,-0.04800
 0.05360000000,0.00800,-0.04800
 0.05370000000,0.00,-0.05600
 0.05380000000,0.00,-0.05600
 0.05390000000,0.00800,-0.06400
 0.05400000000,0.00800,-0.06400
 0.05410000000,0.01600,-0.05600
 0.05420000000,0.01600,-0.06400
 0.05430000000,0.01600,-0.06400
 0.05440000000,0.01600,-0.05600
 0.05450000000,0.01600,-0.05600
 0.05460000000,0.02400,-0.04800
 0.05470000000,0.01600,-0.04800
 0.05480000000,0.01600,-0.04800
 0.05490000000,0.01600,-0.04800
 0.05500000000,0.01600,-0.04800
 0.05510000000,0.01600,-0.04000
 0.05520000000,0.00800,-0.04800
 0.05530000000,0.00,-0.04800
 0.05540000000,0.00,-0.05600
 0.05550000000,0.00,-0.05600
 0.05560000000,0.00800,-0.04800
 0.05570000000,0.00,-0.05600
 0.05580000000,0.00800,-0.05600
 0.05590000000,0.00800,-0.04800
 0.05600000000,0.00800,-0.04800
 0.05610000000,0.01600,-0.04000
 0.05620000000,0.00800,-0.04800
 0.05630000000,0.00800,-0.04800
 0.05640000000,0.00800,-0.04800
 0.05650000000,0.00800,-0.04800
 0.05660000000,0.01600,-0.04000
 0.05670000000,0.00800,-0.04800
 0.05680000000,0.00800,-0.04800
 0.05690000000,0.01600,-0.04800
 0.05700000000,0.01600,-0.04800
 0.05710000000,0.02400,-0.04000
 0.05720000000,0.01600,-0.04800
 0.05730000000,0.01600,-0.04800
 0.05740000000,0.01600,-0.04800
 0.05750000000,0.01600,-0.04800
 0.05760000000,0.01600,-0.04000
 0.05770000000,0.00800,-0.04800
 0.05780000000,0.00,-0.04800
 0.05790000000,0.00,-0.04800
 0.05800000000,0.00,-0.04800
 0.05810000000,0.00800,-0.04000
 0.05820000000,0.00,-0.04800
 0.05830000000,0.00800,-0.04800
 0.05840000000,0.00800,-0.04800
 0.05850000000,0.00800,-0.04800
 0.05860000000,0.01600,-0.04000
 0.05870000000,0.00800,-0.04000
 0.05880000000,0.00800,-0.04000
 0.05890000000,0.00800,-0.03200
 0.05900000000,0.00800,-0.03200
 0.05910000000,0.01600,-0.02400
 0.05920000000,0.00800,-0.03200
 0.05930000000,0.00800,-0.04000
 0.05940000000,0.00800,-0.04000
 0.05950000000,0.00800,-0.04800
 0.05960000000,0.01600,-0.04000
 0.05970000000,0.00800,-0.04800
 0.05980000000,0.00800,-0.04000
 0.05990000000,0.00,-0.04000
 0.06000000000,0.00,-0.03200
 0.06010000000,0.00800,-0.02400
 0.06020000000,0.00,-0.03200
 0.06030000000,0.00,-0.03200
 0.06040000000,0.00800,-0.03200
 0.06050000000,0.00800,-0.04000
 0.06060000000,0.01600,-0.03200
 0.06070000000,0.01600,-0.04000
 0.06080000000,0.01600,-0.03200
 0.06090000000,0.01600,-0.03200
 0.06100000000,0.01600,-0.02400
 0.06110000000,0.01600,-0.01600
 0.06120000000,0.00800,-0.02400
 0.06130000000,0.00800,-0.02400
 0.06140000000,0.00,-0.02400
 0.06150000000,0.00,-0.03200
 0.06160000000,0.00800,-0.02400
 0.06170000000,0.00,-0.03200
 0.06180000000,0.00,-0.03200
 0.06190000000,0.00800,-0.02400
 0.06200000000,0.00800,-0.02400
 0.06210000000,0.01600,-0.01600
 0.06220000000,0.00800,-0.02400
 0.06230000000,0.00800,-0.02400
 0.06240000000,0.00800,-0.02400
 0.06250000000,0.00800,-0.03200
 0.06260000000,0.01600,-0.02400
 0.06270000000,0.00800,-0.03200
 0.06280000000,0.00800,-0.03200
 0.06290000000,0.00800,-0.02400
 0.06300000000,0.00800,-0.02400
 0.06310000000,0.01600,-0.01600
 0.06320000000,0.00800,-0.02400
 0.06330000000,0.00800,-0.02400
 0.06340000000,0.00800,-0.02400
 0.06350000000,0.00800,-0.02400
 0.06360000000,0.00800,-0.02400
 0.06370000000,0.00,-0.03200
 0.06380000000,0.00,-0.03200
 0.06390000000,0.00,-0.03200
 0.06400000000,0.00,-0.03200
 0.06410000000,0.00800,-0.02400
 0.06420000000,0.00800,-0.02400
 0.06430000000,0.00800,-0.02400
 0.06440000000,0.00800,-0.02400
 0.06450000000,0.00800,-0.02400
 0.06460000000,0.01600,-0.01600
 0.06470000000,0.00800,-0.02400
 0.06480000000,0.00800,-0.02400
 0.06490000000,0.00800,-0.02400
 0.06500000000,0.00800,-0.02400
 0.06510000000,0.00800,-0.01600
 0.06520000000,0.00,-0.01600
 0.06530000000,0.00,-0.01600
 0.06540000000,0.00,-0.01600
 0.06550000000,0.00,-0.01600
 0.06560000000,0.00800,-0.00800
 0.06570000000,0.00800,-0.01600
 0.06580000000,0.00800,-0.02400
 0.06590000000,0.00800,-0.02400
 0.06600000000,0.00800,-0.03200
 0.06610000000,0.01600,-0.02400
 0.06620000000,0.00800,-0.03200
 0.06630000000,0.00800,-0.02400
 0.06640000000,0.00,-0.02400
 0.06650000000,0.00,-0.01600
 0.06660000000,0.00800,-0.00800
 0.06670000000,0.00800,-0.00800
 0.06680000000,0.00800,-0.00800
 0.06690000000,0.00800,-0.00800
 0.06700000000,0.01600,-0.00800
 0.06710000000,0.02400,-0.00800
 0.06720000000,0.01600,-0.01600
 0.06730000000,0.01600,-0.01600
 0.06740000000,0.01600,-0.02400
 0.06750000000,0.01600,-0.02400
 0.06760000000,0.01600,-0.01600
 0.06770000000,0.00800,-0.02400
 0.06780000000,0.00800,-0.02400
 0.06790000000,0.00800,-0.02400
 0.06800000000,0.00800,-0.02400
 0.06810000000,0.01600,-0.01600
 0.06820000000,0.00800,-0.02400
 0.06830000000,0.00800,-0.02400
 0.06840000000,0.00800,-0.02400
 0.06850000000,0.00800,-0.02400
 0.06860000000,0.01600,-0.01600
 0.06870000000,0.00800,-0.02400
 0.06880000000,0.00800,-0.02400
 0.06890000000,0.01600,-0.02400
 0.06900000000,0.01600,-0.02400
 0.06910000000,0.02400,-0.01600
 0.06920000000,0.01600,-0.02400
 0.06930000000,0.01600,-0.02400
 0.06940000000,0.01600,-0.02400
 0.06950000000,0.01600,-0.02400
 0.06960000000,0.01600,-0.01600
 0.06970000000,0.00800,-0.02400
 0.06980000000,0.00,-0.01600
 0.06990000000,0.00,-0.01600
 0.07000000000,0.00,-0.01600
 0.07010000000,0.00800,-0.00800
 0.07020000000,0.00800,-0.01600
 0.07030000000,0.00800,-0.01600
 0.07040000000,0.01600,-0.01600
 0.07050000000,0.01600,-0.01600
 0.07060000000,0.02400,-0.01600
 0.07070000000,0.01600,-0.02400
 0.07080000000,0.01600,-0.02400
 0.07090000000,0.00800,-0.03200
 0.07100000000,0.00800,-0.02400
 0.07110000000,0.00800,-0.01600
 0.07120000000,0.00,-0.01600
 0.07130000000,0.00,-0.01600
 0.07140000000,0.00,-0.00800
 0.07150000000,0.00,-0.00800
 0.07160000000,0.00800,0.00
 0.07170000000,0.00800,-0.00800
 0.07180000000,0.00800,-0.01600
 0.07190000000,0.00800,-0.01600
 0.07200000000,0.00800,-0.02400
 0.07210000000,0.01600,-0.01600
 0.07220000000,0.00800,-0.02400
 0.07230000000,0.00800,-0.01600
 0.07240000000,0.00800,-0.01600
 0.07250000000,0.00800,-0.00800
 0.07260000000,0.01600,0.00
 0.07270000000,0.01600,0.00
 0.07280000000,0.01600,0.00
 0.07290000000,0.01600,-0.00800
 0.07300000000,0.01600,-0.00800
 0.07310000000,0.02400,0.00
 0.07320000000,0.01600,-0.00800
 0.07330000000,0.01600,-0.00800
 0.07340000000,0.00800,-0.00800
 0.07350000000,0.00800,-0.00800
 0.07360000000,0.01600,0.00
 0.07370000000,0.00800,-0.00800
 0.07380000000,0.00800,-0.00800
 0.07390000000,0.01600,-0.00800
 0.07400000000,0.01600,-0.00800
 0.07410000000,0.02400,-0.00800
 0.07420000000,0.01600,-0.01600
 0.07430000000,0.01600,-0.01600
 0.07440000000,0.01600,-0.01600
 0.07450000000,0.01600,-0.01600
 0.07460000000,0.01600,-0.00800
 0.07470000000,0.00800,-0.01600
 0.07480000000,0.00800,-0.00800
 0.07490000000,0.00800,-0.00800
 0.07500000000,0.00800,-0.00800
 0.07510000000,0.01600,0.00
 0.07520000000,0.00800,-0.00800
 0.07530000000,0.00800,-0.00800
 0.07540000000,0.00800,0.00
 0.07550000000,0.00800,0.00
 0.07560000000,0.01600,0.00
 0.07570000000,0.00800,-0.00800
 0.07580000000,0.00800,-0.01600
 0.07590000000,0.00800,-0.01600
 0.07600000000,0.00800,-0.01600
 0.07610000000,0.01600,-0.00800
 0.07620000000,0.00800,-0.00800
 0.07630000000,0.00800,-0.00800
 0.07640000000,0.00800,-0.00800
 0.07650000000,0.00800,-0.00800
 0.07660000000,0.00800,0.00
 0.07670000000,0.00,-0.00800
 0.07680000000,0.00,-0.00800
 0.07690000000,0.00,-0.01600
 0.07700000000,0.00,-0.01600
 0.07710000000,0.00800,-0.00800
 0.07720000000,0.00800,-0.01600
 0.07730000000,0.00800,-0.00800
 0.07740000000,0.01600,-0.00800
 0.07750000000,0.01600,-0.00800
 0.07760000000,0.02400,0.00
 0.07770000000,0.01600,-0.00800
 0.07780000000,0.00800,-0.00800
 0.07790000000,0.00800,-0.01600
 0.07800000000,0.00800,-0.01600
 0.07810000000,0.00800,-0.00800
 0.07820000000,0.00,-0.00800
 0.07830000000,0.00,-0.00800
 0.07840000000,0.00800,-0.00800
 0.07850000000,0.00800,0.00
 0.07860000000,0.01600,0.00800
 0.07870000000,0.00800,0.00
 0.07880000000,0.00800,0.00
 0.07890000000,0.00800,0.00
 0.07900000000,0.00800,0.00
 0.07910000000,0.00800,0.00
 0.07920000000,0.00,-0.00800
 0.07930000000,0.00,-0.00800
 0.07940000000,0.00,-0.00800
 0.07950000000,0.00800,-0.00800
 0.07960000000,0.01600,0.00
 0.07970000000,0.01600,-0.00800
 0.07980000000,0.01600,-0.00800
 0.07990000000,0.01600,-0.00800
 0.08000000000,0.00800,-0.00800
 0.08010000000,0.01600,0.00
 0.08020000000,0.00800,-0.00800
 0.08030000000,0.00800,0.00
 0.08040000000,0.00800,0.00
 0.08050000000,0.00800,0.00
 0.08060000000,0.01600,0.00800
 0.08070000000,0.01600,0.00
 0.08080000000,0.01600,0.00
 0.08090000000,0.01600,0.00
 0.08100000000,0.01600,0.00
 0.08110000000,0.02400,0.00
 0.08120000000,0.01600,-0.00800
 0.08130000000,0.01600,-0.00800
 0.08140000000,0.00800,-0.00800
 0.08150000000,0.00800,-0.00800
 0.08160000000,0.00800,0.00
 0.08170000000,0.00,0.00
 0.08180000000,0.00,0.00
 0.08190000000,0.00,0.00
 0.08200000000,0.00800,0.00
 0.08210000000,0.01600,0.00800
 0.08220000000,0.01600,0.00
 0.08230000000,0.01600,0.00
 0.08240000000,0.01600,0.00
 0.08250000000,0.02400,0.00
 0.08260000000,0.02400,0.00800
 0.08270000000,0.01600,0.00
 0.08280000000,0.00800,0.00
 0.08290000000,0.00,0.00
 0.08300000000,0.00,0.00
 0.08310000000,0.00,0.00800
 0.08320000000,-0.00800,0.00
 0.08330000000,-0.00800,0.00
 0.08340000000,-0.00800,0.00
 0.08350000000,0.00,0.00
 0.08360000000,0.00800,0.00800
 0.08370000000,0.00800,0.00
 0.08380000000,0.00800,0.00
 0.08390000000,0.00800,-0.00800
 0.08400000000,0.00800,-0.00800
 0.08410000000,0.01600,0.00
 0.08420000000,0.00800,-0.00800
 0.08430000000,0.00800,-0.00800
 0.08440000000,0.00800,-0.00800
 0.08450000000,0.00800,-0.00800
 0.08460000000,0.01600,0.00
 0.08470000000,0.00800,-0.00800
 0.08480000000,0.00800,-0.00800
 0.08490000000,0.00,-0.00800
 0.08500000000,0.00,-0.00800
 0.08510000000,0.00800,0.00
 0.08520000000,0.00,0.00
 0.08530000000,0.00,0.00
 0.08540000000,0.00800,0.00
 0.08550000000,0.00800,0.00800
 0.08560000000,0.01600,0.01600
 0.08570000000,0.00800,0.01600
 0.08580000000,0.00800,0.00800
 0.08590000000,0.00800,0.00800
 0.08600000000,0.00800,0.00800
 0.08610000000,0.01600,0.00800
 0.08620000000,0.00800,0.00
 0.08630000000,0.01600,-0.00800
 0.08640000000,0.01600,-0.00800
 0.08650000000,0.01600,-0.00800
 0.08660000000,0.02400,0.00
 0.08670000000,0.01600,0.00
 0.08680000000,0.01600,0.00
 0.08690000000,0.01600,0.00800
 0.08700000000,0.00800,0.00800
 0.08710000000,0.01600,0.01600
 0.08720000000,0.00800,0.00800
 0.08730000000,0.00800,0.00
 0.08740000000,0.00800,0.00
 0.08750000000,0.00800,-0.00800
 0.08760000000,0.01600,0.00
 0.08770000000,0.00800,-0.00800
 0.08780000000,0.00800,0.00
 0.08790000000,0.00800,0.00
 0.08800000000,0.00800,0.00800
 0.08810000000,0.01600,0.01600
 0.08820000000,0.00800,0.01600
 0.08830000000,0.00800,0.00800
 0.08840000000,0.01600,0.00800
 0.08850000000,0.01600,0.00800
 0.08860000000,0.02400,0.01600
 0.08870000000,0.01600,0.00800
 0.08880000000,0.01600,0.00800
 0.08890000000,0.01600,0.00800
 0.08900000000,0.01600,0.00800
 0.08910000000,0.01600,0.01600
 0.08920000000,0.00800,0.00800
 0.08930000000,0.00,0.00
 0.08940000000,0.00,0.00
 0.08950000000,0.00,-0.00800
 0.08960000000,0.00800,0.00
 0.08970000000,0.00,-0.00800
 0.08980000000,0.00800,0.00
 0.08990000000,0.00800,0.00
 0.09000000000,0.00800,0.00800
 0.09010000000,0.01600,0.01600
 0.09020000000,0.00800,0.01600
 0.09030000000,0.00800,0.01600
 0.09040000000,0.00800,0.01600
 0.09050000000,0.00800,0.01600
 0.09060000000,0.01600,0.01600
 0.09070000000,0.00800,0.00800
 0.09080000000,0.00800,0.00800
 0.09090000000,0.00800,0.00800
 0.09100000000,0.00800,0.00800
 0.09110000000,0.01600,0.01600
 0.09120000000,0.00800,0.01600
 0.09130000000,0.00800,0.01600
 0.09140000000,0.00,0.01600
 0.09150000000,0.00,0.01600
 0.09160000000,0.00800,0.02400
 0.09170000000,0.00800,0.01600
 0.09180000000,0.00800,0.01600
 0.09190000000,0.00800,0.00800
 0.09200000000,0.01600,0.00800
 0.09210000000,0.02400,0.01600
 0.09220000000,0.01600,0.01600
 0.09230000000,0.01600,0.01600
 0.09240000000,0.01600,0.01600
 0.09250000000,0.01600,0.01600
 0.09260000000,0.02400,0.02400
 0.09270000000,0.01600,0.01600
 0.09280000000,0.01600,0.00800
 0.09290000000,0.01600,0.00800
 0.09300000000,0.01600,0.00
 0.09310000000,0.02400,0.00800
 0.09320000000,0.01600,0.00
 0.09330000000,0.01600,0.00800
 0.09340000000,0.01600,0.00800
 0.09350000000,0.00800,0.01600
 0.09360000000,0.01600,0.02400
 0.09370000000,0.00800,0.01600
 0.09380000000,0.00800,0.01600
 0.09390000000,0.00800,0.01600
 0.09400000000,0.01600,0.01600
 0.09410000000,0.02400,0.01600
 0.09420000000,0.02400,0.00800
 0.09430000000,0.02400,0.00800
 0.09440000000,0.02400,0.00800
 0.09450000000,0.02400,0.00800
 0.09460000000,0.02400,0.00800
 0.09470000000,0.01600,0.00
 0.09480000000,0.00800,-0.00800
 0.09490000000,0.00800,-0.00800
 0.09500000000,0.00800,-0.00800
 0.09510000000,0.00800,0.00
 0.09520000000,0.00,0.00
 0.09530000000,0.00,0.00
 0.09540000000,0.00,0.00800
 0.09550000000,0.00800,0.01600
 0.09560000000,0.01600,0.02400
 0.09570000000,0.01600,0.02400
 0.09580000000,0.01600,0.02400
 0.09590000000,0.01600,0.01600
 0.09600000000,0.01600,0.01600
 0.09610000000,0.02400,0.02400
 0.09620000000,0.01600,0.01600
 0.09630000000,0.01600,0.01600
 0.09640000000,0.00800,0.01600
 0.09650000000,0.00800,0.01600
 0.09660000000,0.00800,0.02400
 0.09670000000,0.00,0.01600
 0.09680000000,0.00,0.01600
 0.09690000000,0.00,0.01600
 0.09700000000,0.00,0.01600
 0.09710000000,0.00800,0.01600
 0.09720000000,0.00800,0.00800
 0.09730000000,0.00800,0.00800
 0.09740000000,0.00800,0.00800
 0.09750000000,0.01600,0.00800
 0.09760000000,0.02400,0.01600
 0.09770000000,0.01600,0.00800
 0.09780000000,0.01600,0.00800
 0.09790000000,0.01600,0.00800
 0.09800000000,0.01600,0.00800
 0.09810000000,0.02400,0.01600
 0.09820000000,0.01600,0.00800
 0.09830000000,0.01600,0.00800
 0.09840000000,0.01600,0.00800
 0.09850000000,0.00800,0.00800
 0.09860000000,0.01600,0.01600
 0.09870000000,0.00800,0.00800
 0.09880000000,0.00800,0.00800
 0.09890000000,0.00800,0.01600
 0.09900000000,0.00800,0.01600
 0.09910000000,0.01600,0.02400
 0.09920000000,0.00800,0.01600
 0.09930000000,0.00800,0.01600
 0.09940000000,0.00800,0.01600
 0.09950000000,0.01600,0.02400
 0.09960000000,0.01600,0.02400
 0.09970000000,0.00800,0.01600
 0.09980000000,0.00,0.01600
 0.09990000000,0.00,0.00800
 0.10000000000,0.00,0.00800
 0.10010000000,0.00800,0.01600
 0.10020000000,0.00800,0.00800
 0.10030000000,0.00800,0.01600
 0.10040000000,0.00800,0.01600
 0.10050000000,0.01600,0.01600
 0.10060000000,0.02400,0.02400
 0.10070000000,0.01600,0.01600
 0.10080000000,0.01600,0.01600
 0.10090000000,0.01600,0.01600
 0.10100000000,0.01600,0.00800
 0.10110000000,0.01600,0.01600
 0.10120000000,0.00800,0.00800
 0.10130000000,0.00800,0.00800
 0.10140000000,0.00800,0.00800
 0.10150000000,0.00800,0.00800
 0.10160000000,0.01600,0.01600
 0.10170000000,0.00800,0.00800
 0.10180000000,0.00800,0.00800
 0.10190000000,0.00800,0.00800
 0.10200000000,0.00800,0.00800
 0.10210000000,0.01600,0.01600
 0.10220000000,0.00800,0.00800
 0.10230000000,0.00800,0.01600
 0.10240000000,0.00800,0.01600
 0.10250000000,0.00800,0.01600
 0.10260000000,0.01600,0.02400
 0.10270000000,0.01600,0.01600
 0.10280000000,0.01600,0.01600
 0.10290000000,0.01600,0.01600
 0.10300000000,0.01600,0.01600
 0.10310000000,0.02400,0.01600
 0.10320000000,0.01600,0.00800
 0.10330000000,0.01600,0.00800
 0.10340000000,0.01600,0.00800
 0.10350000000,0.01600,0.00800
 0.10360000000,0.01600,0.01600
 0.10370000000,0.00800,0.01600
 0.10380000000,0.00800,0.01600
 0.10390000000,0.00800,0.01600
 0.10400000000,0.00800,0.01600
 0.10410000000,0.01600,0.02400
 0.10420000000,0.01600,0.01600
 0.10430000000,0.01600,0.01600
 0.10440000000,0.01600,0.01600
 0.10450000000,0.01600,0.00800
 0.10460000000,0.02400,0.01600
 0.10470000000,0.01600,0.00800
 0.10480000000,0.00800,0.00800
 0.10490000000,0.00800,0.00800
 0.10500000000,0.00800,0.00800
 0.10510000000,0.00800,0.01600
 0.10520000000,0.00,0.00800
 0.10530000000,0.00,0.00800
 0.10540000000,0.00,0.00800
 0.10550000000,0.00,0.00800
 0.10560000000,0.00800,0.01600
 0.10570000000,0.00,0.00800
 0.10580000000,0.00,0.00800
 0.10590000000,0.00,0.00800
 0.10600000000,0.00,0.00800
 0.10610000000,0.00800,0.01600
 0.10620000000,0.00,0.00800
 0.10630000000,0.00,0.00800
 0.10640000000,0.00800,0.00800
 0.10650000000,0.00800,0.00800
 0.10660000000,0.01600,0.01600
 0.10670000000,0.00800,0.00800
 0.10680000000,0.00800,0.01600
 0.10690000000,0.00800,0.01600
 0.10700000000,0.00800,0.01600
 0.10710000000,0.01600,0.02400
 0.10720000000,0.00800,0.01600
 0.10730000000,0.00800,0.01600
 0.10740000000,0.00800,0.01600
 0.10750000000,0.00800,0.01600
 0.10760000000,0.01600,0.01600
 0.10770000000,0.00800,0.00800
 0.10780000000,0.00800,0.00800
 0.10790000000,0.00800,0.00800
 0.10800000000,0.00800,0.00800
 0.10810000000,0.01600,0.01600
 0.10820000000,0.00800,0.01600
 0.10830000000,0.00800,0.01600
 0.10840000000,0.00800,0.01600
 0.10850000000,0.00800,0.01600
 0.10860000000,0.01600,0.02400
 0.10870000000,0.00800,0.01600
 0.10880000000,0.00800,0.01600
 0.10890000000,0.00,0.01600
 0.10900000000,0.00,0.01600
 0.10910000000,0.00800,0.02400
 0.10920000000,0.00,0.01600
 0.10930000000,0.00,0.01600
 0.10940000000,0.00800,0.01600
 0.10950000000,0.00800,0.00800
 0.10960000000,0.01600,0.01600
 0.10970000000,0.00800,0.00800
 0.10980000000,0.00800,0.00800
 0.10990000000,0.00800,0.00800
 0.11000000000,0.00800,0.00800
 0.11010000000,0.00800,0.01600
 0.11020000000,0.00,0.01600
 0.11030000000,0.00,0.01600
 0.11040000000,0.00,0.01600
 0.11050000000,0.00,0.01600
 0.11060000000,0.00800,0.02400
 0.11070000000,0.00800,0.01600
 0.11080000000,0.00800,0.01600
 0.11090000000,0.00800,0.01600
 0.11100000000,0.00800,0.01600
 0.11110000000,0.01600,0.01600
 0.11120000000,0.00800,0.00800
 0.11130000000,0.00800,0.00800
 0.11140000000,0.00800,0.00800
 0.11150000000,0.00800,0.00800
 0.11160000000,0.01600,0.01600
 0.11170000000,0.00800,0.01600
 0.11180000000,0.00800,0.01600
 0.11190000000,0.00800,0.01600
 0.11200000000,0.00800,0.01600
 0.11210000000,0.01600,0.02400
 0.11220000000,0.00800,0.01600
 0.11230000000,0.00800,0.01600
 0.11240000000,0.00800,0.01600
 0.11250000000,0.00800,0.00800
 0.11260000000,0.01600,0.01600
 0.11270000000,0.00800,0.00800
 0.11280000000,0.00800,0.00800
 0.11290000000,0.00800,0.01600
 0.11300000000,0.00800,0.01600
 0.11310000000,0.01600,0.02400
 0.11320000000,0.00800,0.02400
 0.11330000000,0.00800,0.02400
 0.11340000000,0.00800,0.02400
 0.11350000000,0.00800,0.02400
 0.11360000000,0.01600,0.02400
 0.11370000000,0.00800,0.01600
 0.11380000000,0.00800,0.01600
 0.11390000000,0.00,0.00800
 0.11400000000,0.00,0.00800
 0.11410000000,0.00800,0.01600
 0.11420000000,0.00,0.00800
 0.11430000000,0.00,0.01600
 0.11440000000,0.00800,0.01600
 0.11450000000,0.00800,0.01600
 0.11460000000,0.01600,0.02400
 0.11470000000,0.01600,0.01600
 0.11480000000,0.01600,0.01600
 0.11490000000,0.01600,0.01600
 0.11500000000,0.01600,0.01600
 0.11510000000,0.02400,0.02400
 0.11520000000,0.01600,0.01600
 0.11530000000,0.01600,0.01600
 0.11540000000,0.02400,0.01600
 0.11550000000,0.02400,0.01600
 0.11560000000,0.02400,0.02400
 0.11570000000,0.01600,0.01600
 0.11580000000,0.00800,0.01600
 0.11590000000,0.00800,0.00800
 0.11600000000,0.00,0.00800
 0.11610000000,0.00800,0.01600
 0.11620000000,0.00,0.01600
 0.11630000000,0.00,0.01600
 0.11640000000,0.00800,0.01600
 0.11650000000,0.00800,0.02400
 0.11660000000,0.01600,0.03200
 0.11670000000,0.00800,0.02400
 0.11680000000,0.00800,0.02400
 0.11690000000,0.00800,0.02400
 0.11700000000,0.00800,0.02400
 0.11710000000,0.01600,0.02400
 0.11720000000,0.00800,0.01600
 0.11730000000,0.00800,0.00800
 0.11740000000,0.00800,0.00800
 0.11750000000,0.00800,0.00800
 0.11760000000,0.01600,0.01600
 0.11770000000,0.00800,0.01600
 0.11780000000,0.00800,0.01600
 0.11790000000,0.00800,0.01600
 0.11800000000,0.00800,0.01600
 0.11810000000,0.01600,0.02400
 0.11820000000,0.00800,0.01600
 0.11830000000,0.00800,0.01600
 0.11840000000,0.00800,0.01600
 0.11850000000,0.00800,0.01600
 0.11860000000,0.01600,0.02400
 0.11870000000,0.00800,0.01600
 0.11880000000,0.00800,0.01600
 0.11890000000,0.00800,0.01600
 0.11900000000,0.00800,0.01600
 0.11910000000,0.01600,0.02400
 0.11920000000,0.00800,0.01600
 0.11930000000,0.01600,0.00800
 0.11940000000,0.01600,0.00800
 0.11950000000,0.01600,0.00800
 0.11960000000,0.02400,0.01600
 0.11970000000,0.01600,0.01600
 0.11980000000,0.01600,0.01600
 0.11990000000,0.01600,0.01600
 0.12000000000,0.01600,0.01600
 0.12010000000,0.01600,0.02400
 0.12020000000,0.00800,0.01600
 0.12030000000,0.00,0.01600
 0.12040000000,0.00,0.00800
 0.12050000000,0.00,0.00800
 0.12060000000,0.00800,0.01600
 0.12070000000,0.00,0.01600
 0.12080000000,0.00800,0.01600
 0.12090000000,0.00800,0.02400
 0.12100000000,0.00800,0.02400
 0.12110000000,0.01600,0.03200
 0.12120000000,0.00800,0.02400
 0.12130000000,0.00800,0.01600
 0.12140000000,0.00800,0.01600
 0.12150000000,0.00800,0.00800
 0.12160000000,0.01600,0.01600
 0.12170000000,0.00800,0.00800
 0.12180000000,0.01600,0.01600
 0.12190000000,0.01600,0.01600
 0.12200000000,0.01600,0.02400
 0.12210000000,0.02400,0.03200
 0.12220000000,0.01600,0.02400
 0.12230000000,0.01600,0.02400
 0.12240000000,0.01600,0.01600
 0.12250000000,0.01600,0.01600
 0.12260000000,0.01600,0.01600
 0.12270000000,0.00800,0.00800
 0.12280000000,0.00800,0.00800
 0.12290000000,0.00800,0.00800
 0.12300000000,0.00800,0.01600
 0.12310000000,0.01600,0.02400
 0.12320000000,0.00800,0.01600
 0.12330000000,0.00800,0.01600
 0.12340000000,0.00800,0.01600
 0.12350000000,0.00800,0.01600
 0.12360000000,0.01600,0.02400
 0.12370000000,0.00800,0.01600
 0.12380000000,0.00800,0.01600
 0.12390000000,0.00,0.01600
 0.12400000000,0.00,0.02400
 0.12410000000,0.00800,0.02400
 0.12420000000,0.00,0.01600
 0.12430000000,0.00,0.00800
 0.12440000000,0.00800,0.00800
 0.12450000000,0.00800,0.00800
 0.12460000000,0.01600,0.01600
 0.12470000000,0.01600,0.01600
 0.12480000000,0.01600,0.02400
 0.12490000000,0.01600,0.02400
 0.12500000000,0.01600,0.03200
 0.12510000000,0.01600,0.04000
 0.12520000000,0.00800,0.03200
 0.12530000000,0.00800,0.02400
 0.12540000000,0.00,0.01600
 0.12550000000,0.00,0.01600
 0.12560000000,0.00800,0.01600
 0.12570000000,0.00,0.00800
 0.12580000000,0.00800,0.00800
 0.12590000000,0.00800,0.01600
 0.12600000000,0.00800,0.02400
 0.12610000000,0.01600,0.03200
 0.12620000000,0.00800,0.03200
 0.12630000000,0.00800,0.03200
 0.12640000000,0.00800,0.03200
 0.12650000000,0.00800,0.03200
 0.12660000000,0.01600,0.03200
 0.12670000000,0.00800,0.02400
 0.12680000000,0.00800,0.02400
 0.12690000000,0.00800,0.02400
 0.12700000000,0.00800,0.01600
 0.12710000000,0.01600,0.02400
 0.12720000000,0.00800,0.01600
 0.12730000000,0.00800,0.01600
 0.12740000000,0.00,0.00800
 0.12750000000,0.00,0.00800
 0.12760000000,0.00800,0.01600
 0.12770000000,0.00,0.00800
 0.12780000000,0.00800,0.01600
 0.12790000000,0.00800,0.01600
 0.12800000000,0.00800,0.01600
 0.12810000000,0.01600,0.02400
 0.12820000000,0.00800,0.01600
 0.12830000000,0.00800,0.01600
 0.12840000000,0.00800,0.01600
 0.12850000000,0.00,0.00800
 0.12860000000,0.00800,0.01600
 0.12870000000,0.00,0.00800
 0.12880000000,0.00,0.00800
 0.12890000000,0.00,0.01600
 0.12900000000,0.00800,0.01600
 0.12910000000,0.01600,0.02400
 0.12920000000,0.01600,0.01600
 0.12930000000,0.01600,0.01600
 0.12940000000,0.01600,0.01600
 0.12950000000,0.01600,0.01600
 0.12960000000,0.02400,0.02400
 0.12970000000,0.01600,0.01600
 0.12980000000,0.01600,0.01600
 0.12990000000,0.01600,0.01600
 0.13000000000,0.00800,0.01600
 0.13010000000,0.01600,0.02400
 0.13020000000,0.00800,0.01600
 0.13030000000,0.00800,0.01600
 0.13040000000,0.00800,0.01600
 0.13050000000,0.00800,0.01600
 0.13060000000,0.01600,0.02400
 0.13070000000,0.00800,0.01600
 0.13080000000,0.00800,0.01600
 0.13090000000,0.00800,0.01600
 0.13100000000,0.00800,0.01600
 0.13110000000,0.01600,0.02400
 0.13120000000,0.00800,0.01600
 0.13130000000,0.00800,0.01600
 0.13140000000,0.00,0.01600
 0.13150000000,0.00,0.01600
 0.13160000000,0.00800,0.02400
 0.13170000000,0.00,0.01600
 0.13180000000,0.00800,0.01600
 0.13190000000,0.00800,0.01600
 0.13200000000,0.00800,0.01600
 0.13210000000,0.01600,0.02400
 0.13220000000,0.00800,0.01600
 0.13230000000,0.00800,0.01600
 0.13240000000,0.00800,0.01600
 0.13250000000,0.00,0.01600
 0.13260000000,0.00800,0.02400
 0.13270000000,0.00,0.01600
 0.13280000000,0.00,0.02400
 0.13290000000,0.00,0.02400
 0.13300000000,0.00800,0.02400
 0.13310000000,0.01600,0.03200
 0.13320000000,0.01600,0.02400
 0.13330000000,0.01600,0.02400
 0.13340000000,0.01600,0.02400
 0.13350000000,0.01600,0.02400
 0.13360000000,0.01600,0.02400
 0.13370000000,0.00800,0.01600
 0.13380000000,0.00800,0.01600
 0.13390000000,0.00,0.01600
 0.13400000000,0.00,0.01600
 0.13410000000,0.00800,0.02400
 0.13420000000,0.00,0.02400
 0.13430000000,0.00800,0.02400
 0.13440000000,0.00800,0.03200
 0.13450000000,0.00800,0.03200
 0.13460000000,0.01600,0.04000
 0.13470000000,0.00800,0.03200
 0.13480000000,0.00800,0.02400
 0.13490000000,0.00800,0.02400
 0.13500000000,0.00800,0.02400
 0.13510000000,0.01600,0.02400
 0.13520000000,0.00800,0.01600
 0.13530000000,0.00800,0.01600
 0.13540000000,0.00800,0.01600
 0.13550000000,0.00800,0.01600
 0.13560000000,0.01600,0.02400
 0.13570000000,0.00800,0.01600
 0.13580000000,0.00800,0.01600
 0.13590000000,0.00800,0.01600
 0.13600000000,0.00800,0.01600
 0.13610000000,0.01600,0.02400
 0.13620000000,0.01600,0.02400
 0.13630000000,0.01600,0.02400
 0.13640000000,0.01600,0.03200
 0.13650000000,0.01600,0.03200
 0.13660000000,0.02400,0.04000
 0.13670000000,0.01600,0.03200
 0.13680000000,0.00800,0.03200
 0.13690000000,0.00800,0.02400
 0.13700000000,0.00,0.02400
 0.13710000000,0.00800,0.02400
 0.13720000000,0.00,0.01600
 0.13730000000,0.00,0.01600
 0.13740000000,0.00800,0.01600
 0.13750000000,0.00800,0.02400
 0.13760000000,0.01600,0.03200
 0.13770000000,0.00800,0.03200
 0.13780000000,0.00800,0.03200
 0.13790000000,0.00800,0.02400
 0.13800000000,0.00,0.02400
 0.13810000000,0.00800,0.03200
 0.13820000000,0.00,0.02400
 0.13830000000,0.00,0.02400
 0.13840000000,0.00800,0.02400
 0.13850000000,0.00800,0.02400
 0.13860000000,0.01600,0.03200
 0.13870000000,0.00800,0.02400
 0.13880000000,0.00800,0.02400
 0.13890000000,0.00800,0.02400
 0.13900000000,0.00800,0.02400
 0.13910000000,0.01600,0.02400
 0.13920000000,0.00800,0.01600
 0.13930000000,0.00800,0.00800
 0.13940000000,0.00800,0.00800
 0.13950000000,0.00800,0.00800
 0.13960000000,0.01600,0.01600
 0.13970000000,0.00800,0.00800
 0.13980000000,0.00800,0.01600
 0.13990000000,0.00,0.01600
